,Name,best_known_sol,3_min,2.5_min,2_min,1.5_min,1_min,0.5_min,0.25_min,50_%,30_%,20_%,15_%,10_%,5_%,3_%,2_%,1_%
0,br17,39,39,39,39,39,39,39,39,0.0,0.01557469367980957,0.01557469367980957,0.01557469367980957,0.01557469367980957,0.01557469367980957,0.01557469367980957,1.2184171676635742,1.2184171676635742
1,ft53,6905,8047,8047,8047,8047,8047,8093,8188,0.01562190055847168,0.01562190055847168,5.953295707702637,,,,,,
2,ft70,38673,40996,40996,40996,40996,41026,41094,41292,0.015668630599975586,0.015668630599975586,0.015668630599975586,0.015668630599975586,0.015668630599975586,,,,
3,ftv33,1286,1449,1449,1449,1449,1449,1449,1449,0.015625715255737305,0.015625715255737305,1.9070048332214355,7.831109046936035,,,,,
4,ftv35,1473,1556,1556,1556,1556,1556,1556,1556,0.015618324279785156,0.015618324279785156,0.015618324279785156,0.015618324279785156,3.909320116043091,,,,
5,ftv38,1530,1616,1616,1616,1616,1616,1616,1616,0.015622377395629883,0.015622377395629883,0.015622377395629883,0.015622377395629883,0.7810676097869873,,,,
6,ftv44,1613,1768,1768,1768,1768,1768,1768,1769,0.01562666893005371,0.01562666893005371,0.01562666893005371,0.01562666893005371,2.902738571166992,,,,
7,ftv47,1776,2049,2049,2049,2052,2052,2052,2052,0.015621423721313477,0.015621423721313477,5.608055830001831,,,,,,
8,ftv55,1608,1788,1788,1788,1788,1806,1813,1828,0.03128504753112793,0.03128504753112793,6.276202201843262,13.649469137191772,,,,,
9,ftv64,1839,2128,2128,2128,2128,2128,2128,2128,0.03124237060546875,0.03124237060546875,0.03124237060546875,,,,,,
10,ftv70,1950,2181,2181,2181,2181,2181,2181,2181,0.015667438507080078,0.015667438507080078,0.015667438507080078,0.8747937679290771,,,,,
11,ftv90,1579,,,,,,,,,,,,,,,,
12,ftv100,1788,,,,,,,,,,,,,,,,
13,ftv110,1958,,,,,,,,,,,,,,,,
14,ftv120,2166,,,,,,,,,,,,,,,,
15,ftv130,2307,,,,,,,,,,,,,,,,
16,ftv140,2420,,,,,,,,,,,,,,,,
17,ftv150,2611,,,,,,,,,,,,,,,,
18,ftv160,2683,,,,,,,,,,,,,,,,
19,ftv170,2755,3400,3430,3453,3454,3511,3536,3536,0.17183637619018555,6.4515626430511475,,,,,,,
20,kro124p,36230,40451,40451,40488,40488,41256,41812,42235,0.04686331748962402,0.04686331748962402,0.04686331748962402,45.125354051589966,,,,,
21,p43,5620,5635,5635,5635,5635,5635,5642,5642,0.015622377395629883,0.015622377395629883,0.015622377395629883,0.015622377395629883,0.015622377395629883,0.015622377395629883,0.015622377395629883,0.015622377395629883,0.14059162139892578
22,rbg323,1326,1585,1602,1609,1617,1623,1646,1669,1.4687976837158203,1.4687976837158203,153.77343797683716,,,,,,
23,rbg358,1163,1580,1590,1610,1621,1655,1684,1703,5.593620538711548,,,,,,,,
24,rbg403,2465,2932,2933,2989,3035,3093,3243,3415,7.630519866943359,39.26428151130676,129.1900658607483,,,,,,
25,rbg443,2720,3277,3309,3356,3415,3512,3594,3707,4.577556133270264,46.026106119155884,,,,,,,
26,ry48p,14422,15198,15198,15198,15198,15198,15198,15198,0.015663862228393555,0.015663862228393555,0.015663862228393555,0.015663862228393555,0.015663862228393555,,,,
