ftv38
Ultimate best solution: [14, 17, 18, 19, 1, 15, 6, 7, 5, 8, 37, 9, 10, 11, 12, 13, 36, 20, 21, 22, 23, 24, 25, 26, 31, 32, 33, 29, 28, 27, 30, 34, 38, 35, 4, 2, 3, 0, 16]
Ultimate best solution length: 1608

ft70
Ultimate best solution: [40, 36, 42, 41, 37, 69, 65, 68, 67, 63, 66, 64, 48, 43, 49, 47, 55, 51, 50, 18, 30, 15, 7, 13, 14, 12, 10, 9, 5, 3, 60, 59, 57, 44, 46, 45, 58, 27, 22, 21, 26, 6, 0, 1, 2, 4, 23, 52, 54, 53, 20, 17, 16, 19, 25, 11, 8, 34, 32, 29, 24, 56, 33, 31, 62, 61, 28, 35, 38, 39]
Ultimate best solution length: 40218

rbg403
Ultimate best solution: [100, 227, 141, 23, 14, 62, 13, 205, 289, 65, 248, 366, 292, 343, 33, 376, 68, 90, 72, 224, 388, 42, 287, 83, 43, 34, 295, 169, 308, 394, 129, 58, 8, 344, 64, 3, 2, 61, 107, 386, 47, 112, 322, 395, 103, 260, 5, 387, 9, 84, 272, 28, 314, 75, 10, 55, 367, 59, 310, 29, 24, 97, 259, 106, 165, 78, 226, 258, 79, 69, 245, 81, 22, 21, 82, 247, 212, 183, 397, 153, 20, 101, 164, 15, 131, 267, 46, 85, 67, 66, 60, 44, 88, 96, 338, 194, 86, 334, 160, 365, 231, 92, 51, 49, 37, 249, 256, 120, 392, 351, 293, 167, 221, 150, 151, 369, 187, 179, 303, 57, 242, 70, 349, 400, 99, 389, 180, 359, 206, 30, 373, 355, 6, 127, 48, 196, 345, 130, 193, 230, 382, 320, 254, 223, 168, 182, 91, 278, 122, 119, 309, 93, 203, 384, 383, 197, 146, 381, 105, 391, 154, 111, 340, 265, 311, 157, 339, 236, 108, 255, 54, 109, 275, 210, 110, 326, 325, 207, 45, 363, 204, 123, 192, 94, 170, 284, 329, 294, 257, 162, 133, 269, 181, 174, 185, 175, 332, 173, 305, 215, 115, 114, 241, 333, 238, 128, 228, 198, 402, 264, 274, 176, 190, 156, 390, 374, 393, 316, 12, 132, 243, 288, 291, 315, 161, 148, 147, 134, 306, 73, 152, 143, 188, 276, 125, 74, 214, 401, 216, 200, 297, 331, 323, 354, 342, 266, 95, 304, 218, 159, 76, 222, 136, 195, 237, 217, 300, 251, 113, 138, 18, 171, 296, 298, 63, 377, 50, 229, 225, 239, 346, 307, 271, 317, 313, 7, 286, 273, 350, 137, 36, 201, 268, 135, 280, 279, 385, 199, 348, 290, 202, 189, 208, 158, 277, 246, 142, 163, 25, 0, 220, 299, 233, 149, 347, 341, 360, 52, 40, 39, 252, 399, 337, 240, 219, 357, 358, 235, 121, 98, 213, 17, 211, 330, 302, 178, 124, 1, 172, 26, 77, 31, 319, 335, 155, 378, 398, 396, 324, 144, 177, 250, 209, 364, 368, 262, 38, 270, 19, 71, 375, 191, 361, 16, 301, 379, 166, 80, 372, 41, 87, 56, 356, 328, 281, 186, 53, 102, 35, 104, 145, 139, 371, 370, 234, 318, 118, 285, 4, 283, 253, 232, 89, 11, 116, 244, 117, 353, 352, 140, 263, 336, 321, 362, 184, 282, 327, 126, 27, 312, 261, 32, 380]
Ultimate best solution length: 2957